0
7
18
34
50
58
62
57
49
34
17
-2
-22
-39
-55
-62
-66
-61
-55
-40
-21
-2
18
34
50
57
61
57
49
34
17
-2
-22
-39
-55
-62
-66
-61
-55
-40
-21
-2
18
34
50
57
61
57
49
34
17
-2
-22
-39
-55
-62
-66
-61
-55
-40
-21
-2
18
34
50
57
61
57
49
34
17
-2
-22
-39
-55
-62
-66
-61
-55
-40
-21
-2
18
34
50
57
61
57
49
34
17
-2
-22
-38
-54
-62
-66
-61
-55
-41
-22
-3
18
34
49
56
61
57
49
34
17
-2
-22
-39
-55
-62
-66
-62
-55
-41
-22
-2
18
34
50
57
61
57
50
34
17
-2
-22
-38
-54
-62
-66
-61
-55
-41
-22
-2
18
34
50
57
61
57
49
34
17
-2
-22
-39
-55
-62
-66
-62
-55
-40
-21
-2
18
34
50
57
61
57
50
34
17
-2
-22
-39
-55
-62
-66
-61
-55
-40
-21
-2
18
34
49
56
61
57
50
34
17
-2
