0
7
17
32
48
57
61
56
49
34
18
-2
-22
-40
-55
-63
-66
-61
-53
-39
-22
-3
18
34
49
57
61
56
49
34
18
-2
-22
-40
-55
-63
-66
-61
-53
-39
-22
-3
18
34
49
57
61
57
49
34
18
-1
-22
-40
-56
-63
-66
-61
-53
-39
-22
-3
18
34
49
57
61
57
49
34
18
-2
-22
-40
-55
-63
-66
-61
-53
-39
-22
-3
18
34
49
57
61
56
49
34
18
-2
-22
-39
-54
-61
-66
-61
-54
-40
-23
-3
17
34
49
57
61
56
49
34
18
-2
-22
-40
-55
-63
-67
-62
-55
-40
-23
-3
18
34
49
57
61
57
49
34
17
-3
-23
-39
-54
-61
-66
-61
-54
-40
-23
-3
18
34
49
57
61
56
49
34
18
-1
-22
-40
-56
-63
-67
-62
-54
-39
-22
-3
18
34
49
57
61
57
49
34
17
-3
-23
-40
-55
-62
-66
-61
-53
-39
-22
-3
18
34
49
57
61
56
49
34
18
-2
-22
-40
-55
-62
-67
-62
-54
-39
-22
